14142135623730950488016887242096980785696718753769480731766797379907324784621
07038850387534327641572735013846230912297024924836055850737212644121497099935831
41322266592750559275579995050115278206057147010955997160597027453459686201472851
74186408891986095523292304843087143214508397626036279952514079896872533965463318
08829640620615258352395054745750287759961729835575220337531857011354374603408498
84716038689997069900481503054402779031645424782306849293691862158057846311159666
87130130156185689872372352885092648612494977154218334204285686060146824720771435
85487415565706967765372022648544701585880162075847492265722600208558446652145839
88939443709265918003113882464681570826301005948587040031864803421948972782906410
45072636881313739855256117322040245091227700226941127573627280495738108967504018
36986836845072579936472906076299694138047565482372899718032680247442062926912485
90521810044598421505911202494413417285314781058036033710773091828693147101711116
83916581726889419758716582152128229518488472089694633862891562882765952635140542
26765323969461751129160240871551013515045538128756005263146801712740265396947024
03005174953188629256313851881634780015693691768818523786840522878376293892143006
558695686859645951555016447245098368
